solid Exported from Blender-2.93.5
facet normal 0.000000 0.000000 1.000000
outer loop
vertex 0.000000 0.012900 0.105000
vertex -0.002517 0.012652 0.105000
vertex -0.004937 0.011918 0.105000
endloop
endfacet
facet normal 0.000000 0.000000 1.000000
outer loop
vertex -0.004937 0.011918 0.105000
vertex -0.007167 0.010726 0.105000
vertex -0.009122 0.009122 0.105000
endloop
endfacet
facet normal 0.000000 0.000000 1.000000
outer loop
vertex -0.009122 0.009122 0.105000
vertex -0.010726 0.007167 0.105000
vertex -0.011918 0.004937 0.105000
endloop
endfacet
facet normal 0.000000 0.000000 1.000000
outer loop
vertex -0.011918 0.004937 0.105000
vertex -0.012652 0.002517 0.105000
vertex -0.012900 -0.000000 0.105000
endloop
endfacet
facet normal -0.000047 0.000000 1.000000
outer loop
vertex -0.012900 -0.000000 0.105000
vertex -0.012652 -0.002517 0.105000
vertex -0.011918 -0.004937 0.105000
endloop
endfacet
facet normal 0.000000 0.000000 1.000000
outer loop
vertex -0.011918 -0.004937 0.105000
vertex -0.010726 -0.007167 0.105000
vertex -0.009122 -0.009122 0.105000
endloop
endfacet
facet normal 0.000023 0.000000 1.000000
outer loop
vertex -0.009122 -0.009122 0.105000
vertex -0.007167 -0.010726 0.105000
vertex -0.004937 -0.011918 0.105000
endloop
endfacet
facet normal 0.000000 0.000000 1.000000
outer loop
vertex -0.004937 -0.011918 0.105000
vertex -0.002517 -0.012652 0.105000
vertex 0.000000 -0.012900 0.105000
endloop
endfacet
facet normal 0.000000 0.000000 1.000000
outer loop
vertex 0.000000 -0.012900 0.105000
vertex 0.002517 -0.012652 0.105000
vertex 0.004937 -0.011918 0.105000
endloop
endfacet
facet normal 0.000000 0.000000 1.000000
outer loop
vertex 0.004937 -0.011918 0.105000
vertex 0.007167 -0.010726 0.105000
vertex 0.009122 -0.009122 0.105000
endloop
endfacet
facet normal 0.000023 0.000000 1.000000
outer loop
vertex 0.009122 -0.009122 0.105000
vertex 0.010726 -0.007167 0.105000
vertex 0.011918 -0.004937 0.105000
endloop
endfacet
facet normal 0.000000 0.000000 1.000000
outer loop
vertex 0.011918 -0.004937 0.105000
vertex 0.012652 -0.002517 0.105000
vertex 0.012900 0.000000 0.105000
endloop
endfacet
facet normal 0.000000 0.000000 1.000000
outer loop
vertex 0.012900 0.000000 0.105000
vertex 0.012652 0.002517 0.105000
vertex 0.011918 0.004937 0.105000
endloop
endfacet
facet normal -0.000023 0.000000 1.000000
outer loop
vertex 0.011918 0.004937 0.105000
vertex 0.010726 0.007167 0.105000
vertex 0.009122 0.009122 0.105000
endloop
endfacet
facet normal 0.000000 0.000000 1.000000
outer loop
vertex 0.009122 0.009122 0.105000
vertex 0.007167 0.010726 0.105000
vertex 0.004937 0.011918 0.105000
endloop
endfacet
facet normal 0.000000 0.000000 1.000000
outer loop
vertex 0.004937 0.011918 0.105000
vertex 0.002517 0.012652 0.105000
vertex 0.000000 0.012900 0.105000
endloop
endfacet
facet normal 0.000000 0.000000 1.000000
outer loop
vertex 0.000000 0.012900 0.105000
vertex -0.004937 0.011918 0.105000
vertex -0.009122 0.009122 0.105000
endloop
endfacet
facet normal -0.000012 0.000000 1.000000
outer loop
vertex -0.009122 0.009122 0.105000
vertex -0.011918 0.004937 0.105000
vertex -0.012900 -0.000000 0.105000
endloop
endfacet
facet normal 0.000018 0.000000 1.000000
outer loop
vertex -0.012900 -0.000000 0.105000
vertex -0.011918 -0.004937 0.105000
vertex -0.009122 -0.009122 0.105000
endloop
endfacet
facet normal -0.000002 0.000000 1.000000
outer loop
vertex -0.009122 -0.009122 0.105000
vertex -0.004937 -0.011918 0.105000
vertex 0.000000 -0.012900 0.105000
endloop
endfacet
facet normal 0.000000 0.000000 1.000000
outer loop
vertex 0.000000 -0.012900 0.105000
vertex 0.004937 -0.011918 0.105000
vertex 0.009122 -0.009122 0.105000
endloop
endfacet
facet normal 0.000000 0.000000 1.000000
outer loop
vertex 0.009122 -0.009122 0.105000
vertex 0.011918 -0.004937 0.105000
vertex 0.012900 0.000000 0.105000
endloop
endfacet
facet normal 0.000006 0.000000 1.000000
outer loop
vertex 0.012900 0.000000 0.105000
vertex 0.011918 0.004937 0.105000
vertex 0.009122 0.009122 0.105000
endloop
endfacet
facet normal -0.000002 0.000000 1.000000
outer loop
vertex 0.009122 0.009122 0.105000
vertex 0.004937 0.011918 0.105000
vertex 0.000000 0.012900 0.105000
endloop
endfacet
facet normal 0.000002 0.000000 1.000000
outer loop
vertex 0.000000 0.012900 0.105000
vertex -0.009122 0.009122 0.105000
vertex -0.012900 -0.000000 0.105000
endloop
endfacet
facet normal -0.000002 0.000000 1.000000
outer loop
vertex -0.012900 -0.000000 0.105000
vertex -0.009122 -0.009122 0.105000
vertex 0.000000 -0.012900 0.105000
endloop
endfacet
facet normal -0.000002 0.000000 1.000000
outer loop
vertex 0.000000 -0.012900 0.105000
vertex 0.009122 -0.009122 0.105000
vertex 0.012900 0.000000 0.105000
endloop
endfacet
facet normal -0.000001 0.000000 1.000000
outer loop
vertex 0.012900 0.000000 0.105000
vertex 0.009122 0.009122 0.105000
vertex 0.000000 0.012900 0.105000
endloop
endfacet
facet normal 0.000001 0.000000 1.000000
outer loop
vertex 0.000000 0.012900 0.105000
vertex -0.012900 -0.000000 0.105000
vertex 0.000000 -0.012900 0.105000
endloop
endfacet
facet normal 0.000000 0.000000 1.000000
outer loop
vertex 0.000000 -0.012900 0.105000
vertex 0.012900 0.000000 0.105000
vertex 0.000000 0.012900 0.105000
endloop
endfacet
endsolid Exported from Blender-2.93.5
